001132
004497
000972
006773
001018
003427
000191
005727
006550
002452
002942
006887
005024
003912
003312
000499
002842
001767
001689
003670
000502
000789
002817
002243
004551
001817
003708
001657
004039
000206
001892
002131
005140
005635
003917
001704
004311
004879
004320
004095
005545
006325
000171
002642
005473
001922
005823
000970
000390
001517
001977
003683
002019
006492
005250
002191
006334
006206
006911
006480
003228
000574
006294
006193
001488
002444
003413
003458
001459
002389
002562
003432
005548
004101
002950
006479
001247
002825
001395
002186
003194
003702
006936
005372
003821
002635
001492
001602
003717
002985
004189
003760
000021
005311
002325
006070
005940
005377
001400
004199
004047
003436
004950
001691
002927
002233
005157
000886
004799
004561
002730
000257
001058
000144
003136
004184
001330
001633
003558
004049
004050
000870
000118
001389
003682
004830
006042
000507
006421
001957
001872
004888
000471
002167
000253
004337
004419
006440
001885
004743
000509
004034
006846
006637
006509
002585
001841
001246
005795
002201
001313
003213
004518
004770
000990
001047
003326
004082
005105
003790
005125
003872
001710
002625
005376
006202
002165
003928
000318
004299
001154
000198
006658
002756
003843
001678
005850
006691
000465
006888
002401
004087
004048
004898
001043
003197
004780
005211
004086
003264
001130
000105
002408
002047
006512
003668
004022
002550
002104
005191
001420
000345
000728
001879
003188
004128
001244
000721
000069
000004
004393
000756
003032
002418
002471
000533
006357
001082
002290
002701
003090
005113
005838
006521
002702
005867
003711
001070
005514
002748
000426
003803
005035
003701
000712
002790
000281
004473
004896
003186
006148
004572
006077
003764
006989
005646
006603
003113
001386
006409
006580
005065
001269
006305
002683
004992
003242
005741
000095
002847
005797
001662
002710
001674
000305
001080
000664
003588
006466
003348
004009
000342
001978
005041
000816
001207
003482
003763
006743
003011
003152
000775
001309
005705
002612
005691
003991
006967
005763
001376
001093
002380
001854
006315
000216
002832
002068
001900
004004
004361
006075
002696
004786
005069
005767
000677
003178
006564
001642
006449
001065
000136
006771
004715
004121
002082
004379
006016
002617
001604
002309
005088
000374
003960
005814
005150
002934
002705
005577
005144
003911
003815
000333
001554
004373
001307
004211
006210
006080
003906
004841
005219
000028
003161
003117
002958
002113
005634
005760
005212
000690
005869
003881
000569
003541
002614
004920
003185
006610
004016
001907
003342
002775
003523
003474
005411
000973
004227
002657
002054
004536
001310
001937
002641
005816
000448
005530
004991
006957
004485
006093
000930
005792
006770
006963
003449
004251
006244
001072
003600
000727
002804
001316
004020
002567
006872
004637
003873
005985
005156
002281
002928
006821
005830
006985
006178
000145
002986
005920
000107
001266
001819
003841
004934
004486
000233
005261
003336
005558
003552
006376
000117
000461
006367
006698
001071
001912
003257
002265
002414
000262
003404
003166
002678
003047
001413
005192
001966
006860
006385
000847
001578
000737
006493
005736
006712
005604
002242
004732
002888
002301
004759
001771
001279
004610
005960
000183
002991
002819
006500
006486
002843
000686
005136
004564
003829
000080
002346
003452
000693
001073
002059
002796
005673
001261
001990
002312
004261
002482
006645
001349
000204
005527
003730
006199
006088
005650
005222
002465
002173
004525
000394
004114
001833
005474
001017
002155
002639
005542
001682
005442
001967
002351
003894
001113
004420
002362
002632
006158
001242
001254
000077
000947
005965
003172
006842
005862
004260
002834
001078
003982
004933
002532
003344
006769
005227
006002
003662
000966
004017
002053
001103
004686
000568
000110
001084
003663
004319
004516
005664
002033
004132
000894
001744
005669
003958
000229
000760
003954
004309
003204
004979
001117
004218
000304
003762
004143
003865
003902
006635
006065
002852
006507
002964
000482
002783
003205
004470
004883
006081
002337
006470
001358
002855
001818
005469
004845
000923
002594
003189
004220
004528
003273
002824
006986
003054
001890
006753
002278
002880
006552
001696
005034
003709
006473
003379
006164
004378
004719
001480
002227
006873
000765
001231
002661
006474
004765
005504
002740
002454
000704
003278
000926
004633
002653
003507
001588
000954
006723
000590
006774
002087
001899
006056
000078
004364
002038
006272
005846
006525
001576
005614
006180
001717
006269
003158
006406
002494
006447
001110
003755
001587
006097
003120
001538
000412
006755
000382
005925
003162
003962
006926
004749
003807
001350
002431
005844
002285
004943
003994
002892
001441
005713
000565
004579
006028
000780
003237
005021
004460
004354
003850
005626
000240
006354
000392
002336
005076
002589
003224
006495
000113
005055
005196
001997
000425
006621
000316
001210
000457
000273
003550
005582
005637
002864
005923
006389
005553
000832
000929
001478
006429
005515
001948
003206
004804
005693
000226
005536
001777
000601
002763
003978
006705
004475
005849
002523
004366
002801
004340
005559
004124
003530
001853
001097
000268
004875
005608
003125
002879
006696
006703
002192
005342
005498
003621
006408
001460
003587
005630
003085
005176
002045
001485
005632
005112
001505
006563
006327
005680
006455
004120
004872
005872
004568
002031
005147
005005
001731
001256
003614
001235
002287
000336
002315
004842
000444
003828
005169
005879
004071
000385
003618
003996
002088
006303
002882
000946
002340
000496
006835
006810
005957
002805
005433
003721
005060
004625
003945
000599
000391
000002
004677
000339
004046
004708
006641
003914
004295
004088
004951
002305
002459
003806
003401
006086
003595
002251
005146
003070
004444
002860
000019
006686
001871
005394
003361
005755
006125
003250
000401
000364
001631
000969
004388
003190
001136
002066
003238
005458
000671
006394
005675
000784
006370
002011
004154
004293
001472
003065
005919
005453
005049
001501
004620
003137
001834
005750
000328
000099
001222
002785
006605
003738
006177
006850
004330
001253
005894
006416
002000
001181
004709
006489
000922
002893
006373
003438
006671
002021
005973
003742
003260
000605
005465
005921
005930
004517
006317
002955
003942
004312
004645
001039
004530
005385
004819
006338
006283
004549
006220
005407
004871
006949
005472
005248
001364
003867
003680
005710
003691
000141
002542
001373
006668
004368
004740
006341
003061
002175
004779
000500
002878
005399
005594
005115
006364
000356
004279
005953
002993
003109
005053
000641
006781
006617
006738
001163
000432
004489
003545
000715
003766
000375
005815
005903
001868
002947
002269
000602
004556
000440
006483
003447
003499
005257
004226
000813
002003
006756
003889
005283
001725
000826
005910
004056
005959
000699
004084
000956
006800
000536
005369
004701
005802
002714
003596
002731
001048
001156
004659
006529
006707
000085
004739
001842
000373
003822
006146
003226
003871
001204
005359
005099
005499
006247
003538
000359
003059
003203
001543
000742
000367
005094
006941
005703
005686
002405
005363
005856
006984
002169
003536
004855
002795
001775
004583
006720
004107
004838
004594
004662
000657
005335
003315
001832
000009
000393
001645
005962
003540
002522
001180
003247
002973
006159
002751
001918
000199
006778
005564
003746
001270
005914
006228
000166
002862
005738
000942
005056
006826
000575
002392
003988
001714
002529
006311
001639
002850
005768
006245
000013
004922
004766
003168
003825
001941
004905
001781
006710
005476
001002
004239
006766
004566
006452
001197
004522
002016
003941
001697
004395
000035
002331
004638
004608
006365
000618
000859
006623
001233
005544
000772
000647
001609
005235
002139
004884
004006
006058
006476
004813
006046
000030
003289
004314
005584
004169
006300
004433
006870
006291
005456
001964
000722
006620
001593
000921
004158
000748
003441
002813
006952
006262
001687
001911
005048
001137
006818
004913
006959
005739
002655
004325
005226
005167
002282
005378
001796
001589
002110
004151
001776
001227
001178
004115
004282
006566
006856
002504
005794
005861
001189
006015
005197
001592
005247
004521
002333
003787
001468
001298
005627
005256
001988
004171
004868
004277
001158
005296
001522
005562
002563
000678
006684
006049
001822
002606
003907
002554
004887
006052
006890
003364
004720
005878
001727
000480
003636
006624
003457
003276
001813
001366
006165
002605
006978
004172
001383
003229
006868
001950
005522
006901
002366
004795
000807
004329
003783
003293
005234
005188
002004
006186
003786
003676
005416
004236
004998
001694
003859
006412
002587
006271
006939
000846
004575
004332
005122
005759
002116
006694
003969
003524
003103
005047
002451
003503
005201
005655
006864
004808
001234
003098
000963
000366
002845
002461
002464
000384
003074
002164
004670
002250
000057
005961
001616
000874
002106
006151
004540
004410
005726
005383
005735
000395
004706
000347
003132
004598
004578
001268
000594
004906
000045
005351
004523
006141
002344
004989
002684
001151
003946
000027
006899
002146
004399
000011
005533
002546
001969
000174
000271
006836
004999
004241
003831
003299
001282
005706
003809
002687
003724
003992
004718
004488
006329
002117
001118
002381
001408
006904
006230
006043
005557
006857
000152
003656
000867
004357
000015
002965
004237
006299
000600
006744
001351
002818
000562
005999
006588
002736
003006
000924
001724
004690
004902
006573
006310
003751
006251
001545
001741
000993
005404
002120
002253
005012
003171
006273
004100
004593
000423
003736
006369
003096
000649
000284
000353
003735
006266
005678
004371
001380
001166
003619
004635
001930
003303
002144
004405
002699
001149
002780
002058
003516
002628
006880
005317
003235
004886
006355
000762
004038
005018
000827
001455
001428
003402
005486
002634
005239
000114
001986
003215
006187
002097
003761
000935
001644
001894
006570
005723
000882
000285
003504
000822
006667
005938
002956
003501
005576
005613
004007
003058
001891
001374
005159
002358
002685
005268
004944
002426
000907
003261
001539
006484
006983
004014
001520
004925
001341
005659
001758
006176
003560
003846
003400
003544
000416
004997
001053
002974
004526
004501
004993
004954
005073
005400
001192
001750
002960
002335
002966
005813
000918
003245
005013
005220
003211
002846
006167
002209
006309
003246
002519
002288
000294
005834
000653
001297
002460
002361
006865
006229
004552
000706
000172
004947
001914
002572
003143
002006
002364
002637
002085
005409
002347
002046
002890
002129
002607
004789
004802
005617
003816
006481
002602
006414
003776
002204
001783
000419
003140
006702
001823
005331
001536
004246
000734
004986
002917
003306
000205
002002
005264
000041
001385
002353
000044
006934
000974
002681
004714
002520
006976
004254
000759
000782
002948
004263
004455
004102
003013
006427
002435
006154
004286
001106
005198
005066
006627
006352
005837
005670
002109
006741
001324
002798
006045
004110
006326
000320
003686
003298
001530
002509
003862
000048
002140
005032
002073
004464
004334
004790
005860
005200
004021
001526
000064
004108
000897
005241
006751
003689
003844
003802
005320
002716
002903
006762
000620
001998
005262
002792
005390
003671
004191
005141
004212
001335
000982
002205
001463
005551
000701
003331
004224
000830
005754
001896
006575
002728
006496
006695
000517
000300
002514
000109
002603
006163
004647
002744
003819
001980
004267
006601
003637
005689
000096
002128
001187
002289
006168
001852
000249
001685
000702
001711
002193
006832
001677
000675
003352
000869
000312
000162
002766
001356
003286
003445
005398
002299
001215
002854
000809
002553
003067
000643
004066
003539
003930
001162
006998
006012
001285
001927
000909
004447
003931
000055
006263
004534
005711
004725
001119
006878
005153
006829
003455
002918
000614
006582
004098
001600
004089
001621
004514
005016
003292
004520
001938
003225
005926
001448
000303
005993
004932
004317
003071
003271
000651
001598
006055
003181
005163
000411
001556
004149
001121
003164
004472
001620
006788
003124
001574
005302
003694
004266
002531
006475
005274
006140
001702
002556
000790
004083
003207
006391
001508
000750
002196
003453
001415
005775
005423
001730
003532
003256
004533
003431
004431
002056
005758
002527
001056
002898
005443
003295
000362
002037
000672
004198
000910
000999
006831
005233
004503
006040
001295
004481
001487
001206
006956
000084
004070
005134
003127
004928
006258
005450
004341
002978
006577
001087
004270
000450
004849
004480
004669
004695
004854
004983
000787
001155
000351
001442
005620
005851
000650
001910
000703
004342
001311
001909
001338
003081
002127
005875
003771
001757
003651
006760
002910
004459
003542
001882
006059
001147
005155
000372
004615
004013
002111
000214
005252
004960
003393
001167
001754
005870
004696
003022
006322
004801
003707
002462
003562
005743
004623
002491
000020
001789
002999
002121
005006
003857
001883
003987
006395
004918
002759
001474
005897
000008
005521
000001
002010
000115
004160
005990
000691
006948
001698
000072
004253
003304
003145
002750
005293
005052
001670
000493
005539
005221
006417
006609
002402
004135
005183
004190
004148
000608
001555
000835
004973
002659
002597
005464
003947
000131
004626
001249
001688
003492
000852
003060
000514
001183
004741
000997
003274
001133
002457
005791
000981
005365
004453
003669
000413
006697
006020
004630
005517
004698
000295
001684
006062
003009
001059
005583
005518
006267
005826
003045
000139
006219
006630
005654
000497
004988
001267
004386
002827
004232
001423
001719
003832
005413
001861
004700
002959
004123
001893
002883
005708
001067
003408
003972
004090
002739
005535
003574
002923
000059
001370
000165
003833
005874
000479
005097
000850
005496
003770
006023
002157
004624
000340
001699
001202
003979
004970
006975
000269
004390
004866
004167
006619
005905
004627
006841
000016
005106
003703
006001
002012
001033
002443
003827
004721
002468
001363
005492
002998
004595
001328
000258
004912
005636
001766
003104
003073
002926
000169
002223
005324
001623
002971
004846
005967
002096
004471
003647
002421
005566
000593
002686
001516
001514
004092
002814
003391
006222
000222
004176
005403
002717
003814
003525
006132
005438
001641
002239
005111
000566
005980
000625
005044
006256
006919
000485
003280
002557
002501
002540
002712
000250
005949
002835
003244
002875
006994
006277
000311
005922
006313
000173
005421
005214
002786
003345
004895
003936
006833
005992
002368
002538
006943
000487
004505
005969
006170
001484
005884
005355
003784
004611
004408
000435
001489
001824
000581
000017
004654
006876
005651
005948
004506
002441
006437
006640
004745
002225
003030
002268
006977
005086
002595
005510
000511
006292
000245
005598
004182
000049
000753
003097
000766
002028
006109
005133
005622
001778
006681
001101
005580
005418
000815
003514
002317
001664
002979
002232
004479
002189
005079
006035
002794
000083
005528
005934
004265
001176
000541
006652
006966
003148
005148
003350
002549
000052
005319
005526
006534
001063
003167
004736
006631
002489
006047
006397
000094
004457
001800
001643
006727
006583
002026
005470
001091
003948
005004
006606
001721
001318
006866
003026
001494
001022
002406
003743
001690
001705
000436
005765
002298
004751
004734
004321
001996
002259
002181
005329
003101
002122
004577
006849
004758
004323
001221
000029
006669
000730
002170
004914
001399
006897
001208
000527
002498
006027
006340
004028
004280
001476
002267
002844
005488
004105
001477
005246
004397
006928
000794
003677
000743
005771
003629
005868
002276
006401
006600
004504
005917
006571
001323
001960
002067
003723
006217
000785
003083
005611
005653
006962
006076
000134
006275
003088
006467
003573
002303
003381
000904
000746
001794
004775
001023
003981
000212
006234
002436
002231
002218
002969
001493
005027
002184
000082
002145
000445
002263
005682
004163
004448
003343
002558
004891
002052
002679
001559
001916
000564
003480
004412
001849
006663
006330
004053
003603
001983
005354
000434
002182
001322
006301
003870
005251
003935
001054
002664
006530
001634
003989
003450
003555
005847
001126
005444
003223
006794
002202
006147
003254
000242
002150
005187
005618
000841
005569
003933
000805
001765
001057
003564
002627
005633
004976
003639
003357
004724
001843
006980
005269
002863
001915
005102
006784
000887
005054
002456
003733
006586
004685
000503
002806
003001
001333
003983
003033
006190
001886
006328
002125
004344
004306
006459
006339
004727
003199
001315
005833
006855
001591
003270
001252
005904
002857
003779
000256
005481
003940
003265
002647
000181
004544
006768
002297
000230
000778
001243
000314
002897
003577
001856
006510
005455
000914
006404
004821
002409
006972
003049
006004
004557
000405
001125
002755
006808
004103
001847
004355
001671
005807
005466
003878
001637
001236
006670
000409
004202
001402
001411
000337
001211
004112
000919
002784
005336
005225
003429
006478
003582
002429
001791
006722
004174
001940
004019
003003
002076
006604
000133
002867
002484
000278
005822
006742
001660
005110
002237
001465
003169
006504
000732
005986
005151
000694
006693
005605
004965
006758
001230
005182
006704
000073
003997
001951
001989
006433
004068
002777
001263
005698
005687
005306
006150
004704
003372
001770
002620
000492
006380
005610
004942
005941
006785
001496
003732
002975
004040
002675
006820
004657
006685
001273
004964
001470
001581
005951
005702
001109
005975
006226
005599
000878
004044
000518
005602
005623
001955
004773
001722
003971
001613
001939
006388
002229
006993
003478
001012
005672
005800
003967
005699
001003
003517
002709
005145
000007
002417
006000
005408
003852
005346
001550
004606
001241
001259
003078
003812
002455
005616
003024
002413
000777
004195
003355
006464
006089
003863
004113
003817
006574
003373
003100
001280
006789
003705
002179
003590
002932
003547
002876
004684
001388
004917
004203
002425
004467
000799
000741
002650
003323
005662
004183
000512
001919
000582
001558
004777
000577
001773
003740
006428
004881
004157
005779
005939
001848
004352
003020
003258
006565
002105
004717
004869
001177
005206
004446
000266
004316
005463
001594
004651
001451
002341
003692
003939
006138
006687
002506
003729
006602
002894
001607
001835
000560
001561
004170
000065
006233
004699
006232
005908
002631
006946
001008
001028
001524
005175
004569
001736
002723
002536
005195
004697
002014
004272
005981
002152
000903
001807
005968
002148
003752
003341
001042
003084
004001
006153
002161
006110
004336
005804
003329
003301
004936
005245
003716
005832
004588
002254
001653
004252
002758
004469
005970
003798
001239
004822
002539
002952
005793
003794
001542
006253
001219
003428
001410
003953
001746
000417
001417
005712
002671
000313
001953
005572
002256
000698
002220
003036
004146
001432
005629
000103
000051
004817
002410
000962
005839
002035
003518
001461
004482
006384
000486
001198
006356
004099
006362
000074
000718
006929
001995
002793
000053
005323
001037
000006
002135
002307
002390
005714
006102
004957
000129
002437
005315
006323
000122
004139
005108
002318
003726
002188
000627
006448
003748
000523
005932
004582
000779
002359
002114
004899
003961
006782
003139
000711
002071
006734
006853
002706
003627
000583
002190
000551
003368
001655
006765
002652
001055
000288
001993
000988
005798
002574
006809
004768
004653
002977
004359
000396
000108
006050
001131
001596
003660
003631
005149
004097
005552
005263
002904
002477
006543
006643
006103
002836
003448
002492
004331
003780
004391
005193
000745
005026
002682
000210
004609
001667
001182
005357
002450
003177
003993
003526
003035
004478
005984
002300
002821
002936
006196
003477
000840
002773
005575
000332
005254
006526
000494
003310
001954
006375
003772
006252
000911
002416
003287
001251
004435
003138
000872
001454
006554
000433
003163
000315
001808
003354
005288
000246
004565
004660
002970
000550
001971
005410
003548
005300
003937
003904
000236
001829
002310
005567
005578
000968
005095
005025
006361
005062
002275
000875
000190
002511
006657
003366
006420
006628
002757
002551
000276
006324
001557
006200
006981
005154
006639
000490
003316
002533
001583
005090
004843
004376
006653
005089
005334
006851
003655
005270
000796
001755
000505
000098
001751
000554
005080
006346
005203
003792
006302
002119
006260
001836
001790
002257
000354
002084
005042
001920
006477
000026
003788
000655
001753
004303
003027
000196
001878
000459
000252
001563
005483
004631
002660
003583
000610
003126
006236
001272
003040
005297
000012
002769
002920
004432
006537
001595
004287
002629
003515
001797
003741
006419
003659
000140
003302
006216
002277
005277
006139
005386
004646
005303
006284
000387
002820
004029
006279
003339
006999
002422
001873
006387
000158
000381
004548
003886
003879
004560
005719
004003
000429
006383
000146
000917
005674
003174
002328
002981
005769
006112
002674
003086
001943
005817
002997
003180
005571
004897
005546
005852
003300
001290
006213
002741
001378
006592
001200
006877
005819
006622
000537
005072
000279
000679
001812
002397
006091
002089
001438
004491
003034
004333
000326
006889
000611
004365
002886
003141
006837
003397
006578
002151
000798
003275
005424
005979
003290
002673
003387
001085
002283
002123
003353
006197
003043
004859
006243
000682
006953
006844
005824
000302
001962
004257
000585
003586
006019
006264
005728
006122
005592
001615
002407
006438
001985
003319
000243
004547
001859
000767
001481
000662
003537
001798
000475
004952
006400
005534
002600
002102
004000
003781
005502
002645
002789
003658
000361
004824
003133
003234
005213
000555
000768
003170
001300
006392
000877
000552
001897
004208
001991
002636
001877
000280
004554
006528
000398
000723
000771
004652
006445
006553
001124
001094
005707
005881
005204
006123
004292
004418
004865
005392
006360
001439
002624
002469
000934
001076
001368
000892
003897
001659
004440
004206
005050
005186
004567
000579
000612
005828
000640
000824
005292
006912
006100
002725
003744
006679
002322
003883
005825
000047
002912
001683
006709
004392
003970
000111
005928
003232
005051
000980
002881
005915
000187
004192
005009
001748
003888
000683
001676
006839
002055
002564
004073
001173
000067
002929
006947
005774
006078
004430
000092
006678
000093
003505
000676
002100
002961
005781
000629
003491
006192
006725
001447
000189
005350
002449
002308
005040
006195
004094
000350
003041
005015
004476
003571
000437
003731
005101
005382
004427
000825
005290
000598
004428
002839
000749
004754
005843
006298
005414
001666
001752
001820
006576
001188
004429
000154
006240
006442
003519
003488
004207
005886
001387
001424
005168
003107
004935
006410
000687
004726
004831
001255
000596
002302
005010
000063
000580
000207
006852
002273
005753
003184
003570
001917
000621
000661
000282
006740
001046
006828
000755
006518
000998
000184
000561
006460
002848
002737
002983
002316
004605
006349
004118
004546
000584
003572
005898
001934
000259
000986
006898
002803
003793
001860
003848
002654
001701
000781
004210
001826
002669
001839
003091
004409
002676
002280
003775
006261
004417
005477
000758
004193
002967
005295
003884
005785
004152
005091
000301
005087
002466
002582
000776
006894
004682
002856
000689
003365
004829
004671
006991
005314
005462
001312
003616
003004
004436
006281
006861
005937
005681
002206
002987
002633
004500
004678
002729
001437
004058
000684
004763
006411
004878
006037
001627
004587
003585
001260
002370
000858
001503
002264
005929
004592
002013
003288
000119
004141
005037
005782
001544
002493
004125
001327
002811
003715
005304
000961
001521
002700
006368
001903
005023
006018
003249
000939
001320
005082
003830
000906
002394
006396
003055
006079
002147
001308
003805
003673
003495
005742
000476
004537
003135
002510
006594
006882
000626
004962
005588
000192
000363
002954
000508
005253
001074
002984
006259
003248
000438
001264
005166
001331
006456
004072
000451
002061
002430
002162
000054
003023
006819
000513
005422
005353
002995
001416
000908
006319
003498
003403
003227
000971
002891
001810
005996
004085
002171
003318
005660
003620
004180
005676
003214
006900
001292
006472
005601
000522
001709
004443
001958
006968
001515
005907
002212
004640
001384
001654
005497
004667
002099
005516
002098
000221
005573
000931
002791
000232
001865
006925
004018
000510
003347
003566
000933
001718
001232
000955
003638
006337
000321
002604
006013
003377
003513
002901
003111
003079
005882
000267
000125
000037
004492
005045
002007
000331
004938
003296
003695
004490
006802
006646
006804
000217
005361
003640
005446
003187
000644
000604
003580
005538
001772
004484
001401
000352
003606
003874
001141
001000
004977
003643
004861
000086
001049
004713
005747
003057
001608
001099
003601
003704
002044
000241
001142
004396
003360
005427
001407
003405
002133
000804
002502
001286
006224
002931
002841
000752
005757
001648
004345
003847
001035
002143
002062
000855
006458
005505
001398
000349
002708
004545
005718
004452
002258
001735
002372
006439
006591
001881
002424
001806
003589
005976
001199
000142
003567
001540
001083
005776
002865
006101
000842
005338
001532
000736
000958
001572
000299
004142
006626
000945
004421
006544
006792
004939
004411
006960
001500
003959
000680
000884
005641
003856
004825
000987
004661
001406
001803
005327
006779
000572
005554
003460
001669
000344
000062
002719
006666
003062
002957
002688
003410
004953
004850
005371
001371
006885
003212
001739
003622
000769
002246
004823
000386
001305
004909
000179
003628
000941
002027
003908
003635
006498
001036
006581
004876
003042
004425
006777
000542
004723
003522
005547
002132
003307
005509
003646
004011
003486
003038
004002
006344
006189
004201
002216
003283
006642
002571
004614
004542
000239
002345
000483
005001
003576
003890
000559
003984
000716
000071
002537
003419
005356
001114
004511
001533
004268
006422
006527
002470
002622
000617
001436
001069
002428
003423
003887
002030
001529
006026
005858
000553
004961
001357
004439
004982
004179
005130
001933
003521
004423
005836
005449
002168
001377
005454
003435
004940
005918
004213
006595
001024
000880
006443
004042
005596
006783
001649
003657
004494
002662
004927
006886
000991
000705
004676
003739
002907
003112
006655
002018
006120
001889
000081
000255
001857
003239
004949
004687
000308
003370
005645
002156
000468
000201
001020
003549
001838
006237
001303
005395
004416
001518
004145
001945
001821
002500
005638
001888
006378
000161
005715
005178
003144
006524
006780
005318
004771
004840
002272
001651
004477
001153
002953
003916
006569
004910
006944
001734
003617
004140
003777
004737
000346
004966
006105
000645
000940
005982
004290
000588
005028
006733
001079
005762
002703
001019
000901
006979
001108
004782
005722
006353
004442
002041
005901
000235
002252
005397
006276
005441
004400
002472
004215
004532
006209
000851
000488
000203
002284
006239
006221
002592
001025
005389
005282
002743
005008
005360
005103
004346
005437
000446
001924
000399
002187
003489
003494
005841
005217
004231
001361
005388
004584
002677
006014
005806
001392
000597
003175
001552
002754
001502
001175
000036
004807
005321
001728
001902
005341
006006
006191
003611
003737
006921
004729
006508
006119
000388
005396
005854
004848
002330
002373
005581
005482
006099
004245
004650
000408
003216
005924
000156
005692
001606
002922
001319
001769
001140
006171
001507
003649
005600
006390
000967
005772
000622
001179
006560
002286
000088
003824
002262
003854
001625
002092
005733
002643
000097
006996
001801
006505
004067
006403
006895
005931
000616
003362
003209
006536
004353
002222
001650
001884
002667
003407
006719
005493
002815
005725
004023
005745
000638
003835
005709
006659
001551
005631
004275
000319
002800
006830
004324
001605
006616
005916
004096
003968
000713
004955
005033
006587
003351
003179
000793
002738
002064
003608
003092
001391
005121
002074
002479
006649
003685
005180
001062
006499
004138
005796
002616
006699
002704
003922
004508
004258
001375
003497
000407
004731
002091
004836
006797
005778
004109
005184
001925
002292
003834
004374
000833
001294
002393
002017
003313
006223
005120
005810
003986
005574
005555
002194
005031
002020
002467
006335
005373
001858
005864
006737
004372
001686
002369
003667
000208
000287
002342
003077
003823
000168
005829
005799
001159
005586
006708
004967
006254
004629
002304
001038
006531
004834
004415
002968
001535
003999
002861
005289
003416
001570
003421
002352
000666
004387
006407
002530
004990
000430
000953
004655
005344
006546
001675
003314
000674
005749
004563
002516
005523
004748
001720
004126
002765
003376
004173
004222
002566
000033
005720
001816
004262
003767
003905
006227
000090
002601
004733
001102
004259
005801
004971
000535
004679
000470
001090
003921
000591
006664
005890
006372
003597
001034
002051
005761
006451
004601
001786
001006
006156
006739
005244
004032
006060
001229
006025
004052
004466
002158
003076
003025
003557
006834
002036
005436
003811
000665
001013
004407
002440
003471
005337
004648
003066
003442
005426
006632
005657
003698
004689
005328
005039
006916
000261
005181
004760
006772
004076
001831
000070
004680
006689
003210
001004
005812
005994
001640
004675
004832
004370
003551
004921
002887
004643
006551
000025
006454
002586
006008
001129
000685
003128
002291
000613
005267
006942
004422
004616
006345
000378
002490
001431
001214
001218
005420
001793
000595
001092
006801
000177
000656
003789
004880
002118
005367
003487
004247
001774
001021
006318
004778
002869
004197
003797
000431
005892
003028
003877
003433
006207
001052
002327
005893
006799
004641
003898
003115
006314
001513
000106
000800
000915
000724
005704
000534
003044
002075
003679
006881
003678
002665
003700
000717
002386
005279
000836
006024
002108
005827
004147
003868
005215
006057
002134
005236
002399
004424
003320
002517
001015
005656
006827
000132
000663
000043
006129
002828
004811
006287
001250
005732
004315
005440
005889
006557
005020
005835
005435
005162
001354
006497
001340
002569
001277
004463
001913
000515
006029
006706
003321
004837
005820
002692
000219
002774
000570
003031
006790
003105
001795
006759
006615
005064
003284
005172
005541
003578
000660
006485
006242
005231
005019
006175
001733
005585
001332
001453
000818
001066
000402
003262
006144
004385
000726
002921
006636
003080
005185
001523
003719
002226
006017
002831
001355
005081
003082
004863
003483
005358
004185
001840
001050
003236
006776
000700
005326
001947
005787
005972
004075
005840
002583
005885
004291
006358
004348
000218
005790
006918
002141
001160
003903
002154
002525
003964
006152
001262
006961
006879
001475
004820
005278
006231
002496
001306
000862
000120
006964
001164
000960
000710
002448
004278
005143
002767
005491
003556
006764
004298
004571
005943
005942
006538
000540
002512
000890
004769
005998
000248
004617
000462
001546
003892
006937
000546
006884
005265
005243
003439
006863
000231
004602
005900
006350
005092
002849
005310
004305
002433
001665
001088
003502
001031
002745
000247
001339
005593
000708
000889
001844
000544
000264
004632
002261
005587
003046
005332
000265
006073
001483
003977
002348
002788
003369
006321
000473
005927
005883
003118
006731
002350
002618
001785
006672
005888
002810
003390
002138
001334
001326
000810
006749
003005
004816
004079
000607
003581
003008
002648
003195
005748
001928
001283
006444
003446
004131
001238
003063
000380
002445
004596
003255
001747
002320
004302
003563
004196
003955
003039
005621
002526
005811
006562
006674
000076
000358
002797
003466
006711
001450
000178
000371
000272
001337
002295
004890
005285
003069
006638
003291
000467
005380
001792
002153
003813
004130
006203
002870
000530
003285
004465
002619
006377
001209
004186
004639
002996
003510
001457
000738
004806
006858
002787
000404
003430
005352
001010
004248
002877
006053
001569
005478
001585
000200
006795
006487
003699
004005
005177
001619
002240
002649
004852
003718
002694
004362
004276
004271
000808
005022
005899
002933
006250
006282
005563
002043
005729
001026
006931
003706
002802
001923
005138
000548
006545
003173
000773
001638
005114
006038
003037
005131
000812
003122
006786
000091
002946
003048
002103
000603
003317
003277
000994
004550
000888
004413
000871
004137
001780
000828
005439
003623
003099
002400
005116
005330
000175
000632
000965
006036
003396
001237
003356
004919
000151
004356
004168
004826
000725
003500
004658
004839
006215
002989
001372
006535
003149
000543
004235
000018
006613
001553
000949
006359
004559
002935
002403
006188
003855
005734
003926
000289
004930
001762
000193
006922
005208
002238
006316
002248
003087
001661
002005
005933
005783
005387
000324
006974
003327
000821
003051
001152
001541
005789
006351
006969
001458
000186
002742
005495
002357
004402
006211
002314
004129
004451
002060
005381
002711
005663
006107
004757
002623
002438
002768
000182
000791
004796
006607
000454
003839
002383
006204
006278
001959
004574
003311
000031
002672
004529
001787
000164
001497
005935
005529
006320
000635
003849
002473
003800
004573
000995
001445
006547
000323
000801
006555
006997
006572
003328
006201
005425
006599
002142
001568
006869
002914
006680
001115
000837
000032
002722
000341
006425
002829
004221
005179
004702
003018
001116
006063
000834
006503
004707
006823
006010
003016
004288
000498
000116
003454
004668
001081
005452
004827
006041
002833
005308
002112
006405
003017
004870
006533
003624
001276
002916
003527
001590
002024
002559
003233
002691
001601
003281
000322
006413
003349
002213
001680
005271
004818
000857
007000
006905
006131
003885
006423
005784
000464
005484
002584
002615
000989
002913
002962
004742
000422
003559
000024
004106
002296
004349
000992
000539
005859
004885
000806
003263
001433
004483
004691
004389
002230
003131
001196
003340
006166
002608
002266
001984
005374
004234
002234
002349
001226
004512
005684
004328
004703
005717
006716
000761
006713
004613
000343
005716
002458
006625
004746
004864
004136
006516
006469
003569
001905
004974
003836
000270
005590
006917
005109
000849
001044
003240
002195
005228
000329
001165
002495
005084
002326
001577
003476
000176
005995
004945
006162
001346
005003
003268
003324
000506
002411
001636
000244
002172
005876
003464
000495
001866
005364
002149
002090
004984
004980
004761
000899
006268
006393
001467
006366
002080
003605
002713
004111
003282
003363
000983
004987
000770
001548
005560
001281
003893
006061
006840
000975
000159
003220
004256
002715
004498
001764
003378
005255
000670
001367
000104
004929
001512
005966
005842
004326
002420
004054
004339
000873
006732
006214
000038
002339
004597
002294
001870
004856
003183
001240
000943
004892
003129
001566
004541
000414
006441
001321
006082
005911
006183
005189
001419
005229
006468
005954
004144
004510
001107
000042
006593
004924
002499
006054
000985
003374
001562
003089
003553
006816
005284
000979
000466
001723
003565
004889
003418
000463
002560
000202
002079
006307
004010
005160
001111
003528
006506
000194
000524
003509
000188
001703
006893
006558
004712
001679
001510
005624
002210
000609
002906
004250
001135
001265
004200
005615
006896
004230
006665
003768
004809
004045
004923
001504
001258
005694
004612
000469
003116
003653
005417
000410
004705
002598
000844
002236
006629
003484
002255
001336
006386
001926
001869
006920
000400
001876
006488
006589
005625
004375
004274
005119
005700
001170
001203
004233
002395
002032
004414
000087
004948
004589
005863
000731
005419
001610
002808
005489
006871
005362
000659
004580
006249
001344
004873
006618
004205
006374
005202
003593
006157
001353
000838
000079
000147
002915
001828
004672
006644
000274
006913
005983
000227
004900
003615
000819
003409
006924
002247
003243
005347
000695
001077
005057
003019
001968
002908
005809
006862
003929
006030
000532
006754
001201
002072
003728
006090
001864
006584
005891
001089
002319
006867
003909
003782
002943
002057
003269
006094
002094
004037
003727
002376
001456
005240
004434
006519
001150
004065
005579
003750
002235
001138
004175
002823
004062
002185
006462
005096
005945
005281
000905
005964
003826
006825
004117
003267
002690
004164
001999
004586
006306
000277
004674
006522
000763
000254
004539
004622
005597
002070
004882
003470
003121
000707
006194
000491
000447
006935
005451
001223
005677
004711
006174
004835
001359
000786
000831
000631
006633
001217
003765
002535
001626
004297
006813
004081
006848
000912
005322
003002
000893
002718
006155
003200
001612
002048
005658
000977
000477
005989
005339
004764
006295
005067
003021
005777
001185
000296
001992
000489
001970
000978
001195
000545
006172
002830
003150
004156
000928
000952
002873
005017
002988
003842
005671
003858
005340
002439
005301
003895
005803
005688
002812
006490
005128
002249
006039
002183
001974
000520
003734
001846
002375
005475
004216
005030
005512
002689
003106
001695
006348
003575
001779
001435
002799
004223
003675
001862
003774
003712
006127
003652
000538
004750
001112
003094
002008
005701
002521
005000
004122
003294
003511
006906
001444
001707
003534
000739
003217
002503
001573
001961
001278
006903
002577
002388
006143
003645
000802
003417
006145
004642
005276
002377
002270
005532
001446
002752
004968
002086
006650
001874
006688
004828
005612
002646
003713
006520
001086
003508
000075
004289
001784
006382
000883
004538
004060
004377
000297
004335
005078
004656
005731
006567
003095
003626
003012
001582
000774
004858
001547
003529
002069
000293
005988
003681
001614
000478
003934
003745
004994
003592
006729
004975
001740
004688
001629
003241
003412
000170
005224
001982
004229
004794
005286
004683
002178
005467
003424
003520
005063
000557
000225
004243
003753
001979
000102
002945
000237
004454
001742
002698
004844
003900
002203
006104
004847
006915
000368
000424
000628
006453
002994
000441
000879
002853
003932
005366
006854
000642
006700
000163
003459
005639
003861
002837
000456
003975
003749
000068
004401
000823
005991
003198
002663
003222
000864
002137
001549
004367
001743
003383
006034
001143
001425
002644
003688
005370
005216
005294
003943
006074
002770
002578
006185
006517
006482
005520
002279
004673
003853
002474
006336
004008
003896
001379
001788
006096
001495
003579
002735
004915
005786
004369
001732
000197
002224
005865
000360
005273
006596
000984
004219
001430
001396
002513
006007
005524
006121
005139
000130
002244
005209
000443
004360
000932
000213
004963
006347
002360
004242
004181
005174
005845
002446
004133
002293
000310
005275
005325
004926
003845
006181
001942
004570
005690
005309
002900
001599
006331
002732
004531
001490
005619
003910
001802
003050
004165
003966
003297
000149
001850
004893
006817
006111
000531
003337
005987
004461
004774
004051
005375
005744
005780
000148
001360
004591
003156
001314
000460
005855
001184
001658
000135
001814
006161
000472
002332
004730
006726
001016
002371
000157
002992
006461
005697
000521
003259
001274
001060
001248
003963
003632
002034
001863
003599
004383
002697
001095
006432
004833
005952
001440
005459
006891
006745
002385
002476
000220
000944
002442
000234
006736
006775
005038
000389
006541
001809
006381
004874
006205
005059
000061
000925
000370
000637
005695
006692
005333
004308
002515
003506
004127
003434
000865
004628
001972
004535
003919
002590
005117
001293
003891
005561
001622
006682
003851
003938
005161
001345
000263
001624
002944
000439
006767
004026
004716
000619
000820
002219
006513
004462
002177
005132
002544
002378
003473
005665
001343
002555
006951
001956
005944
003535
001921
000586
003389
001908
000143
006847
001635
002093
005642
003795
005978
005071
001030
002211
005002
003469
001462
005913
001509
006333
005036
001738
004585
001646
005685
000420
001186
000283
000646
001944
003467
006116
004985
005158
006676
004077
004735
001105
